http://pj5mpx90q.bkt.clouddn.com/many-face/many-face1.jpg
http://pj5mpx90q.bkt.clouddn.com/many-face/many-face11.jpg
http://pj5mpx90q.bkt.clouddn.com/many-face/many-face2.jpg
http://pj5mpx90q.bkt.clouddn.com/many-face/many-face12.jpg
http://pj5mpx90q.bkt.clouddn.com/many-face/many-face3.jpg
http://pj5mpx90q.bkt.clouddn.com/many-face/many-face13.jpg
http://pj5mpx90q.bkt.clouddn.com/many-face/many-face4.jpg
http://pj5mpx90q.bkt.clouddn.com/many-face/many-face14.jpg
http://pj5mpx90q.bkt.clouddn.com/many-face/many-face5.jpg
http://pj5mpx90q.bkt.clouddn.com/many-face/many-face15.jpg
http://pj5mpx90q.bkt.clouddn.com/many-face/many-face6.jpg
http://pj5mpx90q.bkt.clouddn.com/many-face/many-face16.jpg
http://pj5mpx90q.bkt.clouddn.com/many-face/many-face7.jpg
http://pj5mpx90q.bkt.clouddn.com/many-face/many-face17.jpg
http://pj5mpx90q.bkt.clouddn.com/many-face/many-face8.jpg
http://pj5mpx90q.bkt.clouddn.com/many-face/many-face10.jpg
http://pj5mpx90q.bkt.clouddn.com/no-face/no_face5.jpg
http://pj5mpx90q.bkt.clouddn.com/no-face/no_face6.jpg
http://pj5mpx90q.bkt.clouddn.com/no-face/no_face7.jpg
http://pj5mpx90q.bkt.clouddn.com/no-face/no_face8.jpg
http://pj5mpx90q.bkt.clouddn.com/no-face/no_face9.jpg
http://pj5mpx90q.bkt.clouddn.com/no-face/no_face10.jpg
http://pj5mpx90q.bkt.clouddn.com/no-face/no_face11.jpg
http://pj5mpx90q.bkt.clouddn.com/no-face/no_face12.jpg
http://pj5mpx90q.bkt.clouddn.com/no-face/no_face13.jpg
http://pj5mpx90q.bkt.clouddn.com/no-face/no_face14.jpg
http://pj5mpx90q.bkt.clouddn.com/no-face/no_face15.jpg
http://pj5mpx90q.bkt.clouddn.com/no-face/no_face16.jpg
http://pj5mpx90q.bkt.clouddn.com/no-face/no_face17.jpg
http://pj5mpx90q.bkt.clouddn.com/no-face/no_face18.jpg
http://pj5mpx90q.bkt.clouddn.com/no-face/no_face19.jpg
http://pj5mpx90q.bkt.clouddn.com/no-face/no_face21.jpg
http://pj5mpx90q.bkt.clouddn.com/no-face/no_face22.jpg
http://pj5mpx90q.bkt.clouddn.com/no-face/no_face23.jpg